0 0
1 1
2 1
3 2
4 2
5 3
6 0
7 3
8 0
9 4
10 5
11 0
12 0
13 0
14 0
15 0
16 3
17 1
18 4
19 3
20 0
21 0
22 6
23 5
24 0
25 5
26 0
27 1
28 1
29 0
30 1
31 1
32 3
33 2
34 0
35 5
36 1
37 5
38 2
39 5
40 5
41 2
42 3
43 3
44 3
45 1
46 0
47 0
48 1
49 5
50 2
51 1
52 5
53 2
54 0
55 3
56 2
57 0
58 1
59 0
60 2
61 0
62 3
63 3
64 0
65 2
66 1
67 0
68 1
69 6
70 6
71 3
72 3
73 0
74 0
75 1
76 2
77 5
78 3
79 2
80 4
81 0
82 0
83 1
84 0
85 2
86 6
87 2
88 2
89 3
90 0
91 0
92 0
93 2
94 5
95 1
96 6
97 4
98 0
99 0
100 0
101 0
102 0
103 2
104 0
105 1
106 3
107 2
108 0
109 0
110 6
111 6
112 2
113 2
114 4
115 3
116 4
117 0
118 0
119 4
120 0
121 1
122 5
123 3
124 0
125 0
126 0
127 6
128 3
129 6
130 3
131 2
132 1
133 3
134 6
135 5
136 1
137 4
138 0
139 2
140 5
141 0
142 0
143 6
144 3
145 6
146 0
147 0
148 3
149 2
150 5
151 6
152 2
153 1
154 4
155 4
156 0
157 0
158 0
159 6
160 6
161 1
162 0
163 0
164 0
165 0
166 0
167 3
168 4
169 1
170 0
171 1
172 0
173 5
174 6
175 0
176 2
177 1
178 5
179 5
180 6
181 6
182 5
183 0
184 3
185 4
186 0
187 5
188 0
189 0
190 0
191 0
192 5
193 4
194 1
195 4
196 0
197 3
198 0
199 5
200 1
201 2
202 6
203 2
204 3
205 1
206 0
207 0
208 3
209 5
210 0
211 0
212 5
213 2
214 5
215 0
216 3
217 4
218 5
219 3
220 0
221 0
222 2
223 0
224 0
225 4
226 2
227 2
228 1
229 2
230 2
231 1
232 0
233 5
234 5
235 6
236 3
237 5
238 4
239 2
240 0
241 1
242 3
243 0
244 1
245 3
246 5
247 6
248 5
249 0
250 1
251 1
252 6
253 3
254 0
255 0
256 5
257 6
258 0
259 3
260 5
261 3
262 0
263 1
264 3
265 3
266 2
267 2
268 2
269 2
270 0
271 4
272 0
273 2
274 1
275 3
276 6
277 0
278 2
279 0
280 0
281 2
282 2
283 6
284 0
285 0
286 0
287 2
288 0
289 0
290 4
291 2
292 0
293 0
294 0
295 0
296 0
297 0
298 0
299 1
300 0
301 0
302 1
303 2
304 4
305 6
306 1
307 3
308 2
309 0
310 6
311 4
312 3
313 3
314 0
315 1
316 0
317 0
318 2
319 0
320 0
321 0
322 4
323 6
324 0
325 2
326 0
327 2
328 4
329 4
330 0
331 0
332 0
333 0
334 1
335 0
336 1
337 0
338 5
339 2
340 6
341 3
342 2
343 0
344 3
345 4
346 2
347 1
348 6
349 0
350 6
351 2
352 3
353 3
354 6
355 6
356 5
357 0
358 0
359 3
360 1
361 5
362 2
363 0
364 0
365 5
366 1
367 0
368 4
369 5
370 2
371 1
372 2
373 3
374 5
375 1
376 3
377 5
378 0
379 3
380 1
381 0
382 1
383 2
384 1
385 1
386 2
387 2
388 0
389 5
390 1
391 1
392 1
393 0
394 4
395 0
396 1
397 5
398 3
399 5
400 1
401 2
402 2
403 3
404 0
405 1
406 2
407 1
408 2
409 0
410 3
411 2
412 2
413 1
414 0
415 1
416 0
417 0
418 0
419 1
420 3
421 3
422 6
423 2
424 0
425 2
426 3
427 2
428 0
429 3
430 6
431 0
432 3
433 0
434 0
435 2
436 5
437 3
438 5
439 5
440 5
441 0
442 5
443 0
444 0
445 0
446 1
447 3
448 1
449 1
450 0
451 1
452 3
453 3
454 2
455 1
456 0
457 1
458 1
459 1
460 1
461 1
462 1
463 1
464 3
465 0
466 0
467 2
468 1
469 0
470 2
471 5
472 0
473 5
474 5
475 5
476 5
477 2
478 1
479 0
480 0
481 3
482 5
483 0
484 3
485 6
486 6
487 0
488 0
489 1
490 4
491 5
492 0
493 0
494 0
495 0
496 0
497 5
498 0
499 3
500 3
501 0
502 0
503 3
504 0
505 1
506 0
507 2
508 3
509 0
510 0
511 0
512 0
513 5
514 0
515 2
516 5
517 1
518 2
519 2
520 3
521 2
522 2
523 5
524 1
525 2
526 2
527 2
528 1
529 0
530 1
531 6
532 0
533 1
534 1
535 4
536 2
537 0
538 0
539 0
540 0
541 0
542 0
543 0
544 6
545 5
546 1
547 3
548 0
549 0
550 6
551 0
552 0
553 0
554 5
555 0
556 4
557 1
558 5
559 2
560 0
561 5
562 0
563 1
564 4
565 5
566 1
567 3
568 0
569 0
570 3
571 0
572 2
573 0
574 1
575 3
576 0
577 0
578 2
579 3
580 6
581 0
582 3
583 2
584 4
585 2
586 4
587 0
588 0
589 0
590 2
591 0
592 2
593 0
594 4
595 4
596 2
597 0
598 0
599 3
600 1
601 1
602 6
603 0
604 0
605 1
606 3
607 0
608 2
609 4
610 4
611 0
612 0
613 0
614 2
615 1
616 1
617 0
618 5
619 0
620 0
621 4
622 6
623 4
624 2
625 5
626 3
627 3
628 0
629 4
630 0
631 3
632 4
633 0
634 0
635 1
636 0
637 1
638 2
639 3
640 4
641 0
642 5
643 0
644 5
645 3
646 2
647 2
648 4
649 3
650 3
651 3
652 3
653 0
654 5
655 4
656 5
657 4
658 1
659 0
660 5
661 1
662 0
663 0
664 0
665 4
666 0
667 4
668 0
669 4
670 0
671 5
672 5
673 5
674 0
675 3
676 0
677 5
678 5
679 0
680 2
681 0
682 5
683 0
684 4
685 0
686 5
687 3
688 6
689 2
690 0
691 2
692 1
693 1
694 4
695 0
696 3
697 3
698 6
699 2
700 3
701 4
702 5
703 5
704 3
705 4
706 3
707 5
708 0
709 3
710 0
711 1
712 2
713 1
714 2
715 0
716 0
717 0
718 3
719 6
720 0
721 4
722 0
723 1
724 5
725 3
726 3
727 0
728 3
729 2
730 2
731 2
732 2
733 2
734 2
735 2
736 0
737 4
738 5
739 4
740 3
741 2
742 2
743 4
744 3
745 0
746 2
747 0
748 2
749 0
750 2
751 0
752 0
753 0
754 5
755 5
756 3
757 0
758 3
759 5
760 2
761 0
762 3
763 4
764 5
765 4
766 0
767 4
768 4
769 4
770 2
771 2
772 0
773 5
774 0
775 0
776 2
777 5
778 4
779 2
780 4
781 3
782 4
783 6
784 0
785 6
786 4
787 4
788 3
789 0
790 2
791 4
792 2
793 4
794 2
795 4
796 2
797 0
798 0
799 5
800 4
801 5
802 5
803 1
804 0
805 0
806 5
807 5
808 2
809 5
810 2
811 6
812 2
813 2
814 3
815 5
816 3
817 3
818 6
819 6
820 4
821 6
822 6
823 1
824 2
825 0
826 2
827 4
828 0
829 4
830 2
831 0
832 0
833 0
834 3
835 3
836 3
837 3
838 0
839 3
840 5
841 4
842 4
843 0
844 5
845 0
846 0
847 0
848 1
849 5
850 5
851 6
852 3
853 0
854 0
855 3
856 4
857 0
858 0
859 0
860 0
861 0
862 6
863 4
864 2
865 0
866 0
867 0
868 6
869 6
870 3
871 0
872 2
873 2
874 0
875 0
876 6
877 6
878 2
879 5
880 2
881 2
882 0
883 5
884 0
885 0
886 3
887 0
888 3
889 2
890 4
891 4
892 6
893 3
894 4
895 5
896 3
897 4
898 5
899 0
900 4
901 4
902 0
903 4
904 0
905 0
906 0
907 5
908 5
909 5
910 3
911 5
912 5
913 2
914 0
915 4
916 4
917 3
918 2
919 3
920 4
921 1
922 5
923 4
924 4
925 2
926 4
927 4
928 0
929 2
930 5
931 0
932 0
933 6
934 5
935 4
936 5
937 5
938 2
939 2
940 4
941 3
942 2
943 5
944 3
945 6
946 3
947 4
948 0
949 3
950 0
951 2
952 3
953 3
954 4
955 6
956 4
957 0
958 6
959 3
960 6
961 1
962 4
963 3
964 2
965 0
966 3
967 0
968 3
969 1
970 1
971 5
972 0
973 3
974 3
975 3
976 0
977 2
978 1
979 0
980 4
981 4
982 4
983 6
984 5
985 5
986 0
987 5
988 1
989 5
990 5
991 4
992 1
993 4
994 0
995 0
996 3
997 4
998 4
999 1
1000 0
1001 4
1002 4
1003 4
1004 5
1005 3
1006 3
1007 3
1008 3
1009 0
1010 2
1011 2
1012 0
1013 0
1014 6
1015 0
1016 0
1017 0
1018 5
1019 4
1020 0
1021 0
1022 1
1023 0
1024 2
1025 6
1026 4
1027 0
1028 6
1029 3
1030 4
1031 0
1032 5
1033 4
1034 0
1035 0
1036 3
1037 2
1038 3
1039 3
1040 6
1041 3
1042 4
1043 6
1044 2
1045 4
1046 5
1047 0
1048 0
1049 0
1050 0
1051 0
1052 4
1053 2
1054 2
1055 0
1056 2
1057 0
1058 2
1059 0
1060 3
1061 6
1062 0
1063 4
1064 0
1065 6
1066 5
1067 4
1068 5
1069 4
1070 3
1071 0
1072 2
1073 3
1074 3
1075 4
1076 6
1077 1
1078 0
1079 1
1080 0
1081 0
1082 0
1083 3
1084 0
1085 4
1086 2
1087 6
1088 0
1089 3
1090 4
1091 4
1092 4
1093 2
1094 2
1095 3
1096 2
1097 3
1098 0
1099 0
1100 0
1101 3
1102 5
1103 5
1104 0
1105 2
1106 5
1107 1
1108 5
1109 4
1110 0
1111 4
1112 5
1113 5
1114 0
1115 2
1116 3
1117 0
1118 3
1119 3
1120 4
1121 3
1122 3
1123 0
1124 0
1125 5
1126 4
1127 6
1128 4
1129 2
1130 0
1131 0
1132 2
1133 1
1134 5
1135 1
1136 4
1137 4
1138 2
1139 0
1140 0
1141 0
1142 5
1143 3
1144 0
1145 3
1146 0
1147 3
1148 4
1149 2
1150 0
1151 4
1152 4
1153 2
1154 0
1155 0
1156 5
1157 0
1158 4
1159 0
1160 4
1161 4
1162 4
1163 0
1164 5
1165 5
1166 2
1167 2
1168 5
1169 0
1170 0
1171 2
1172 0
1173 0
1174 4
1175 2
1176 2
1177 6
1178 6
1179 0
1180 0
1181 3
1182 6
1183 0
1184 2
1185 1
1186 4
1187 1
1188 4
1189 6
1190 1
1191 3
1192 6
1193 0
1194 5
1195 3
1196 0
1197 0
1198 5
1199 0
1200 4
1201 3
1202 0
1203 2
1204 1
1205 3
1206 0
1207 0
1208 2
1209 0
1210 5
1211 4
1212 4
1213 3
1214 3
1215 0
1216 0
1217 4
1218 4
1219 5
1220 4
1221 0
1222 2
1223 2
1224 0
1225 4
1226 3
1227 5
1228 3
1229 0
1230 6
1231 0
1232 6
1233 3
1234 3
1235 0
1236 0
1237 4
1238 5
1239 5
1240 0
1241 3
1242 0
1243 2
1244 2
1245 2
1246 3
1247 2
1248 2
1249 0
1250 3
1251 2
1252 5
1253 3
1254 4
1255 0
1256 4
1257 6
1258 0
1259 3
1260 3
1261 4
1262 0
1263 2
1264 0
1265 2
1266 6
1267 1
1268 4
1269 5
1270 2
1271 4
1272 5
1273 5
1274 4
1275 5
1276 0
1277 6
1278 1
1279 4
1280 5
1281 4
1282 2
1283 1
1284 0
1285 2
1286 2
1287 3
1288 0
1289 5
1290 5
1291 2
1292 5
1293 1
1294 4
1295 0
1296 3
1297 0
1298 4
1299 0
1300 4
1301 3
1302 3
1303 5
1304 6
1305 5
1306 4
1307 1
1308 5
1309 4
1310 3
1311 4
1312 6
1313 4
1314 1
1315 2
1316 5
1317 1
1318 3
1319 6
1320 4
1321 1
1322 4
1323 0
1324 0
1325 2
1326 4
1327 3
1328 6
1329 5
1330 4
1331 1
1332 0
1333 0
1334 2
1335 4
1336 3
1337 0
1338 3
1339 2
1340 6
1341 4
1342 0
1343 2
1344 2
1345 0
1346 1
1347 5
1348 3
1349 2
1350 6
1351 5
1352 6
1353 2
1354 1
1355 5
1356 6
1357 4
1358 0
1359 0
1360 4
1361 1
1362 0
1363 5
1364 0
1365 0
1366 5
1367 2
1368 1
1369 0
1370 0
1371 4
1372 3
1373 5
1374 1
1375 6
1376 0
1377 5
1378 2
1379 0
1380 0
1381 2
1382 3
1383 4
1384 4
1385 5
1386 2
1387 0
1388 0
1389 3
1390 4
1391 3
1392 0
1393 4
1394 5
1395 4
1396 0
1397 3
1398 6
1399 5
1400 2
1401 6
1402 6
1403 1
1404 4
1405 4
1406 4
1407 4
1408 3
1409 1
1410 4
1411 5
1412 4
1413 0
1414 5
1415 5
1416 0
1417 3
1418 1
1419 3
1420 5
1421 5
1422 3
1423 0
1424 0
1425 3
1426 2
1427 2
1428 4
1429 2
1430 4
1431 0
1432 4
1433 6
1434 2
1435 2
1436 0
1437 0
1438 6
1439 3
1440 4
1441 4
1442 2
1443 2
1444 4
1445 5
1446 4
1447 4
1448 4
1449 1
1450 2
1451 4
1452 0
1453 4
1454 0
1455 2
1456 3
1457 2
1458 0
1459 5
1460 0
1461 1
1462 0
1463 4
1464 1
1465 0
1466 3
1467 0
1468 2
1469 0
1470 1
1471 1
1472 4
1473 0
1474 4
1475 0
1476 0
1477 0
1478 4
1479 6
1480 2
1481 0
1482 1
1483 1
1484 6
1485 1
1486 2
1487 4
1488 3
1489 0
1490 0
1491 0
1492 4
1493 1
1494 3
1495 0
1496 0
1497 4
1498 4
1499 2
1500 0
1501 2
1502 2
1503 5
1504 5
1505 0
1506 5
1507 0
1508 0
1509 0
1510 0
1511 0
1512 1
1513 0
1514 6
1515 0
1516 0
1517 0
1518 3
1519 3
1520 0
1521 4
1522 3
1523 1
1524 2
1525 5
1526 4
1527 4
1528 3
1529 3
1530 4
1531 6
1532 2
1533 4
1534 4
1535 1
1536 2
1537 5
1538 1
1539 1
1540 0
1541 3
1542 6
1543 4
1544 0
1545 5
1546 5
1547 2
1548 2
1549 1
1550 5
1551 3
1552 3
1553 5
1554 0
1555 0
1556 0
1557 2
1558 0
1559 2
1560 0
1561 4
1562 0
1563 0
1564 3
1565 2
1566 0
1567 6
1568 4
1569 0
1570 0
1571 0
1572 3
1573 0
1574 4
1575 0
1576 5
1577 0
1578 2
1579 0
1580 3
1581 2
1582 2
1583 2
1584 0
1585 0
1586 5
1587 2
1588 2
1589 2
1590 2
1591 4
1592 0
1593 2
1594 0
1595 0
1596 0
1597 6
1598 0
1599 4
1600 2
1601 0
1602 3
1603 4
1604 2
1605 0
1606 0
1607 2
1608 2
1609 0
1610 2
1611 0
1612 4
1613 2
1614 4
1615 6
1616 2
1617 4
1618 0
1619 0
1620 0
1621 4
1622 5
1623 0
1624 0
1625 1
1626 6
1627 6
1628 1
1629 4
1630 0
1631 6
1632 3
1633 6
1634 3
1635 4
1636 0
1637 3
1638 0
1639 1
1640 0
1641 4
1642 2
1643 4
1644 1
1645 2
1646 1
1647 4
1648 0
1649 2
1650 2
1651 4
1652 4
1653 3
1654 5
1655 2
1656 0
1657 2
1658 2
1659 2
1660 2
1661 0
1662 0
1663 4
1664 4
1665 3
1666 3
1667 1
1668 2
1669 5
1670 3
1671 3
1672 0
1673 1
1674 3
1675 2
1676 2
1677 1
1678 0
1679 0
1680 2
1681 0
1682 2
1683 1
1684 3
1685 0
1686 4
1687 0
1688 2
1689 5
1690 5
1691 4
1692 3
1693 0
1694 0
1695 0
1696 4
1697 5
1698 0
1699 0
1700 3
1701 4
1702 0
1703 3
1704 5
1705 5
1706 5
1707 2
1708 2
1709 4
1710 3
1711 3
1712 0
1713 5
1714 3
1715 5
1716 4
1717 2
1718 6
1719 3
1720 2
1721 0
1722 0
1723 0
1724 4
1725 2
1726 4
1727 0
1728 3
1729 0
1730 2
1731 2
1732 3
1733 3
1734 6
1735 4
1736 4
1737 6
1738 0
1739 2
1740 3
1741 4
1742 0
1743 3
1744 2
1745 2
1746 4
1747 1
1748 0
1749 5
1750 5
1751 0
1752 0
1753 6
1754 5
1755 0
1756 4
1757 5
1758 6
1759 4
1760 0
1761 2
1762 5
1763 2
1764 4
1765 3
1766 0
1767 2
1768 3
1769 3
1770 2
1771 6
1772 1
1773 5
1774 4
1775 2
1776 3
1777 5
1778 6
1779 2
1780 2
1781 2
1782 0
1783 6
1784 2
1785 4
1786 2
1787 2
1788 2
1789 4
1790 3
1791 4
1792 1
1793 4
1794 0
1795 4
1796 0
1797 1
1798 3
1799 0
1800 3
1801 1
1802 5
1803 0
1804 6
1805 6
1806 0
1807 4
1808 6
1809 6
1810 4
1811 4
1812 4
1813 0
1814 4
1815 0
1816 4
1817 4
1818 1
1819 2
1820 1
1821 0
1822 6
1823 5
1824 4
1825 6
1826 2
1827 4
1828 1
1829 3
1830 0
1831 0
1832 6
1833 0
1834 5
1835 4
1836 0
1837 2
1838 2
1839 4
1840 4
1841 0
1842 2
1843 2
1844 0
1845 5
1846 3
1847 0
1848 4
1849 4
1850 4
1851 4
1852 6
1853 0
1854 4
1855 0
1856 4
1857 0
1858 4
1859 0
1860 0
1861 4
1862 2
1863 4
1864 0
1865 4
1866 4
1867 0
1868 4
1869 0
1870 4
1871 0
1872 0
1873 4
1874 6
1875 0
1876 0
1877 4
1878 2
1879 5
1880 6
1881 6
1882 2
1883 2
1884 5
1885 3
1886 4
1887 6
1888 2
1889 4
1890 5
1891 0
1892 1
1893 0
1894 0
1895 1
1896 5
1897 2
1898 6
1899 2
1900 0
1901 3
1902 4
1903 4
1904 2
1905 5
1906 3
1907 0
1908 3
1909 0
1910 3
1911 3
1912 1
1913 4
1914 3
1915 4
1916 4
1917 0
1918 0
1919 0
1920 5
1921 6
1922 2
1923 3
1924 2
1925 0
1926 3
1927 3
1928 4
1929 2
1930 0
1931 0
1932 4
1933 3
1934 3
1935 0
1936 5
1937 3
1938 4
1939 2
1940 4
1941 5
1942 6
1943 2
1944 3
1945 1
1946 5
1947 5
1948 5
1949 0
1950 0
1951 2
1952 2
1953 0
1954 4
1955 2
1956 0
1957 0
1958 2
1959 0
1960 2
1961 0
1962 3
1963 0
1964 0
1965 5
1966 4
1967 0
1968 5
1969 0
1970 2
1971 4
1972 5
1973 2
1974 1
1975 4
1976 1
1977 0
1978 0
1979 1
1980 1
1981 0
1982 0
1983 2
1984 3
1985 2
1986 2
1987 2
1988 0
1989 3
1990 6
1991 2
1992 6
1993 0
1994 2
1995 1
1996 6
1997 1
1998 2
1999 0
2000 6
2001 0
2002 0
2003 0
2004 6
2005 1
2006 2
2007 0
2008 4
2009 5
2010 0
2011 6
2012 6
2013 4
2014 0
2015 0
2016 3
2017 2
2018 0
2019 2
2020 0
2021 2
2022 2
2023 2
2024 2
2025 5
2026 3
2027 2
2028 0
2029 4
2030 5
2031 1
2032 5
2033 2
2034 3
2035 3
2036 4
2037 4
2038 1
2039 5
2040 3
2041 5
2042 1
2043 0
2044 3
2045 2
2046 5
2047 0
2048 6
2049 1
2050 3
2051 0
2052 0
2053 0
2054 0
2055 0
2056 0
2057 0
2058 4
2059 0
2060 2
2061 0
2062 3
2063 2
2064 3
2065 0
2066 2
2067 4
2068 4
2069 0
2070 4
2071 4
2072 5
2073 4
2074 0
2075 0
2076 2
2077 6
2078 0
2079 2
2080 2
2081 0
2082 0
2083 1
2084 6
2085 0
2086 4
2087 0
2088 2
2089 5
2090 0
2091 2
2092 3
2093 1
2094 0
2095 4
2096 3
2097 5
2098 0
2099 2
2100 2
2101 3
2102 2
2103 0
2104 4
2105 5
2106 2
2107 5
2108 0
2109 0
2110 2
2111 2
2112 2
2113 0
2114 3
2115 5
2116 0
2117 3
2118 0
2119 5
2120 1
2121 6
2122 6
2123 6
2124 2
2125 5
2126 0
2127 0
2128 2
2129 5
2130 4
2131 4
2132 0
2133 4
2134 5
2135 6
2136 0
2137 0
2138 0
2139 4
2140 0
2141 5
2142 6
2143 3
2144 0
2145 2
2146 5
2147 3
2148 4
2149 0
2150 5
2151 3
2152 1
2153 4
2154 0
2155 0
2156 3
2157 2
2158 6
2159 4
2160 4
2161 4
2162 5
2163 1
2164 6
2165 6
2166 3
2167 5
2168 3
2169 2
2170 1
2171 5
2172 3
2173 5
2174 4
2175 2
2176 0
2177 6
2178 4
2179 5
2180 1
2181 6
2182 2
2183 0
2184 0
2185 4
2186 0
2187 3
2188 0
2189 2
2190 2
2191 0
2192 0
2193 2
2194 0
2195 3
2196 0
2197 4
2198 3
2199 0
2200 5
2201 2
2202 3
2203 3
2204 0
2205 4
2206 4
2207 4
2208 4
2209 5
2210 0
